2.735088173907881242e+02
2.540779746056423676e+02
2.402272738600033222e+02
2.329838487309386323e+02
2.348715114345404515e+02
2.429918405583649701e+02
2.379414527376192439e+02
2.496018771744397498e+02
2.562732491291175734e+02
2.396829050647285442e+02
2.407217293178433124e+02
2.744850284547153478e+02
2.417450531695923530e+02
2.676117233117200271e+02
2.287874576724590270e+02
2.293757389067729946e+02
2.509310453532574456e+02
2.585317158117291569e+02
2.763151999049531469e+02
2.455490426036570852e+02
2.496219033417483502e+02
2.379297491845776165e+02
2.524060310039315596e+02
2.417526867790472807e+02
2.362724417594153294e+02
2.516719946904981668e+02
2.327194284655233787e+02
2.538663857726859874e+02
2.465879846425193023e+02
2.454691866829611513e+02
2.353750239095049324e+02
2.420036329571093461e+02
2.372273393123286098e+02
2.554595032075837651e+02
2.327805386162120271e+02
2.131602289925550053e+02
2.473016861440976299e+02
2.339836453063720114e+02
2.419742196455698604e+02
2.635326667064226740e+02
2.561469082292211397e+02
2.488096598176623218e+02
2.423025104523777600e+02
2.113760450037931662e+02
2.460668741809127766e+02
2.437475251794651285e+02
2.409468127701132403e+02
2.601955094468846710e+02
2.701919569702489525e+02
2.537695976743985398e+02
2.264744134176638681e+02
2.557701472422668303e+02
2.415699271216720092e+02
2.286595843537473343e+02
2.582470928768488534e+02
2.371847700192468551e+02
2.522387475383556534e+02
2.498014331371870185e+02
2.358050899831141010e+02
2.632425924601036513e+02
2.445477097037046406e+02
2.652416044538248343e+02
2.486308535289278723e+02
2.777176232061710266e+02
2.638933859039188974e+02
2.603537462080119553e+02
2.498916663421103976e+02
2.346889245993269242e+02
2.543931879460303094e+02
2.369754681201833364e+02
2.775524573594365165e+02
2.482563389968686351e+02
2.354942226977167650e+02
2.517803627062432668e+02
2.582549192181397757e+02
2.529278415266295497e+02
2.068917032720904672e+02
2.497363444050912449e+02
2.431869755645830367e+02
2.643908192487048154e+02
2.376183542878393382e+02
2.399785032695594964e+02
2.512854376874043965e+02
2.435881850928949746e+02
2.325202458721898324e+02
2.198071934200154942e+02
2.660202387971644384e+02
2.390127011437630244e+02
2.296262530612797832e+02
2.433606630779788702e+02
2.548531191576650201e+02
2.289851460921086357e+02
2.496584696707225532e+02
2.384152225048358673e+02
2.384708845491724105e+02
2.657763205860750304e+02
2.697385797046985090e+02
2.556393638146446392e+02
2.645973258264930905e+02
2.583799001764049308e+02
