2.587715170986757585e+02
2.297047253093677170e+02
2.484967512351004189e+02
2.594210020445031546e+02
2.555856787349913475e+02
2.449736541109273560e+02
2.432390954770571625e+02
2.696951865893614695e+02
2.365332507138105314e+02
2.069826116447529216e+02
2.521294837614690039e+02
2.423637853672808831e+02
2.551976434399223876e+02
2.441968380134871950e+02
2.695644409234912473e+02
2.616568916862705692e+02
2.418822470525760764e+02
2.290396958324363936e+02
2.425734534862809824e+02
2.817827195543853236e+02
2.262441840537193229e+02
2.437042738661204453e+02
2.815937665696282579e+02
2.877660822069872779e+02
2.474767461541573823e+02
2.419154194162574640e+02
2.243316639385081714e+02
2.359993155072251625e+02
2.590432722291156438e+02
2.390448604469970917e+02
2.366441821637065459e+02
2.430742623663772690e+02
2.664705677065729219e+02
2.378159388776869037e+02
2.466975354932562823e+02
2.558374965679903710e+02
2.670976772570683693e+02
2.896656855406694149e+02
2.296404231984939202e+02
2.366737596432520263e+02
2.504441877034747677e+02
2.538882109831374123e+02
2.625081320725345790e+02
2.472096637615272812e+02
2.585612405401695924e+02
2.400404758939351666e+02
2.397696486777647920e+02
2.499293660670138593e+02
2.338077562683664610e+02
2.535984162759481819e+02
2.369800385835631857e+02
2.435996020651587628e+02
2.293410090345124388e+02
2.639875144082735119e+02
2.418452216392856826e+02
2.515995285887898660e+02
2.463904246532061393e+02
2.402186108578145536e+02
2.402729072433984356e+02
2.418182251597738173e+02
2.364374108907393293e+02
2.322324752172928015e+02
2.718677203111940344e+02
2.393684051405451783e+02
2.598093525796406880e+02
2.606034982827887347e+02
2.444074371768312801e+02
2.361813315116629610e+02
2.420804051631307061e+02
2.448095284642583636e+02
2.542350833706769038e+02
2.742730551551392182e+02
2.844627525077297037e+02
2.264644760560102270e+02
2.627718839627364673e+02
2.562856704714263287e+02
2.548838303556442781e+02
2.544916616151356834e+02
2.789850048312479203e+02
2.612615727587025276e+02
2.466558744639559393e+02
2.259327464857219070e+02
2.597208189763759378e+02
2.604825664604534836e+02
2.737208446902971559e+02
2.496492907137613315e+02
2.362377556080109855e+02
2.633506852207797237e+02
2.539134210712203981e+02
2.407587285903386487e+02
2.440840312332537962e+02
2.453245595548137317e+02
2.673040553442496616e+02
2.418558536463137330e+02
2.444014314386862452e+02
2.417594130114453890e+02
2.541628776708211888e+02
2.357675718084808807e+02
2.562194788369722573e+02
2.097803314874885245e+02
